5.6 2.35
10.2 7.51
10.3 12.67
15.1 17.82
13.5 22.98
22.6 28.14
22.4 33.30
20.1 38.46
25.6 43.62
26.0 48.77
31.2 53.93
32.1 59.09
34.5 64.25
39.6 69.41
41.9 74.56
44.6 79.72
44.0 84.88
40.4 90.04
51.2 95.20
51.3 100.36
58.4 105.51
54.2 110.67
64.3 115.83
52.0 120.99
57.0 126.15
66.5 131.31
69.4 136.46
71.8 141.62
68.5 146.78
79.4 151.94
66.7 157.10
72.7 162.25
89.2 167.41
78.3 172.57
85.2 177.73
95.2 182.89
90.8 188.05
99.6 193.20
103.2 198.36
102.6 203.52
92.4 208.68
104.0 213.84
95.7 218.99
98.6 224.15
104.4 229.31
99.8 234.47
119.3 239.63
116.8 244.79
104.0 249.94
108.2 255.10
124.8 260.26
113.3 265.42
129.4 270.58
115.2 275.74
127.7 280.89
124.0 286.05
119.0 291.21
143.4 296.37
155.5 301.53
126.5 306.68
130.5 311.84
164.3 317.00
155.2 322.16
158.2 327.32
159.9 332.48
154.9 337.63
173.6 342.79
146.6 347.95
175.0 353.11
157.4 358.27
150.9 363.43
170.5 368.58
181.8 373.74
163.1 378.90
176.4 384.06
184.4 389.22
201.0 394.37
179.7 399.53
209.7 404.69
169.9 409.85
183.2 415.01
180.4 420.17
201.1 425.32
217.5 430.48
218.5 435.64
184.2 440.80
228.3 445.96
189.2 451.12
207.5 456.27
235.2 461.43
212.1 466.59
231.9 471.75
235.4 476.91
225.6 482.06
244.2 487.22
196.9 492.38
201.0 497.54
255.7 502.70
251.2 507.86
252.7 513.01
241.9 518.17
