5.6 5.56
10.2 7.91
10.3 10.25
15.1 12.59
13.5 14.94
22.6 17.28
22.4 19.62
20.1 21.97
25.6 24.31
26.0 26.65
31.2 29.00
32.1 31.34
34.5 33.68
39.6 36.03
41.9 38.37
44.6 40.71
44.0 43.06
40.4 45.40
51.2 47.74
51.3 50.09
58.4 52.43
54.2 54.77
64.3 57.12
52.0 59.46
57.0 61.80
66.5 64.15
69.4 66.49
71.8 68.83
68.5 71.18
79.4 73.52
66.7 75.86
72.7 78.21
89.2 80.55
78.3 82.89
85.2 85.24
95.2 87.58
90.8 89.92
99.6 92.27
103.2 94.61
102.6 96.95
92.4 99.30
104.0 101.64
95.7 103.98
98.6 106.33
104.4 108.67
99.8 111.01
119.3 113.36
116.8 115.70
104.0 118.04
108.2 120.39
124.8 122.73
113.3 125.07
129.4 127.41
115.2 129.76
127.7 132.10
124.0 134.44
119.0 136.79
143.4 139.13
155.5 141.47
126.5 143.82
130.5 146.16
164.3 148.50
155.2 150.85
158.2 153.19
159.9 155.53
154.9 157.88
173.6 160.22
146.6 162.56
175.0 164.91
157.4 167.25
150.9 169.59
170.5 171.94
181.8 174.28
163.1 176.62
176.4 178.97
184.4 181.31
201.0 183.65
179.7 186.00
209.7 188.34
169.9 190.68
183.2 193.03
180.4 195.37
201.1 197.71
217.5 200.06
218.5 202.40
184.2 204.74
228.3 207.09
189.2 209.43
207.5 211.77
235.2 214.12
212.1 216.46
231.9 218.80
235.4 221.15
225.6 223.49
244.2 225.83
196.9 228.18
201.0 230.52
255.7 232.86
251.2 235.21
252.7 237.55
241.9 239.89
